# GIMP colorrc
# 
# This file holds a list of recently used colors.

(color-history
    (color-rgba 0 0 0 1)
    (color-rgba 0.11764705926179886 0.16078431904315948 0.23137255012989044 1)
    (color-rgba 0.27843138575553894 0.3333333432674408 0.4117647111415863 1)
    (color-rgba 0.098039217293262482 0.10196078568696976 0.12941177189350128 1)
    (color-rgba 0.15686275064945221 0.16470588743686676 0.21176470816135406 1)
    (color-rgba 0.38431373238563538 0.44705882668495178 0.64313727617263794 1)
    (color-rgba 0.97254902124404907 0.97254902124404907 0.94901961088180542 1)
    (color-rgba 1 1 1 1)
    (color-rgba 0.023529411764705882 0 0 1)
    (color-rgba 0.33333333333333331 0.78823529411764703 0.82745098039215681 1)
    (color-rgba 1 1 1 4.6663864120431995e-310)
    (color-rgba 0.023529411764705882 0 0.10980392156862745 1)
    (color-rgba 0.019014734774827957 0 0.1061900332570076 1)
    (color-rgba 0.91764705882352937 0.32941176470588235 0.12941176470588237 1)
    (color-rgba 0.97254901960784312 0.97647058823529409 0 1)
    (color-rgba 0.97254901960784312 0.97647058823529409 0 6.9530811095319396e-310)
    (color-rgba 0 0.55882352941176494 1 1)
    (color-rgba 0.10196078431372549 0.10196078431372549 0.10196078431372549 1)
    (color-rgba 0.52549019607843139 0.74509803921568629 0.2627450980392157 1)
    (color-rgba 0.28235294117647058 0.72549019607843135 0.7803921568627451 1)
    (color-rgba 1 0 0 1)
    (color-rgba 0.67647058823529438 0 1 1)
    (color-rgba 0.02166064981949456 0.0015991083759358401 0.0015991083759358401 1)
    (color-rgba 0.87058800000000003 0.32549 0.27843099999999998 1)
    (color-rgba 0 0.47058823529411764 1 1)
    (color-rgba 0.17647099999999999 0.78039199999999997 0.99215699999999996 0)
    (color-rgba 0.73725499999999999 0.24313699999999999 0.16470599999999999 1)
    (color-rgba 0.20000000000000001 0.20000000000000001 0.20000000000000001 1)
    (color-rgba 0.129412 0.45882400000000001 0.60784300000000002 1)
    (color-rgba 0.78039199999999997 0.403922 0.40784300000000001 1)
    (color-rgba 1 1 1 1)
    (color-rgba 1 1 1 1))

# end of colorrc
